XM_077790403.1	XM_077790403.1	100.000	1677	0	0	1	1677	1	1677	0.0	3097
XM_077790403.1	XM_077788556.1	97.859	1308	28	0	370	1677	1	1308	0.0	2261
XM_077790403.1	XM_077787695.1	98.219	730	13	0	462	1191	111	840	0.0	1277
XM_077790403.1	XM_077787695.1	100.000	111	0	0	1	111	1	111	1.83e-55	206
XM_077790403.1	XM_077785225.1	97.823	735	16	0	392	1126	113	847	0.0	1269
XM_077790403.1	XM_077785225.1	99.099	111	1	0	1	111	1	111	8.51e-54	200
XM_077785225.1	XM_077785225.1	100.000	849	0	0	1	849	1	849	0.0	1568
XM_077785225.1	XM_077790403.1	97.823	735	16	0	113	847	392	1126	0.0	1269
XM_077785225.1	XM_077790403.1	99.099	111	1	0	1	111	1	111	4.27e-54	200
XM_077785225.1	XM_077788556.1	97.286	737	20	0	111	847	21	757	0.0	1251
XM_077785225.1	XM_077787695.1	98.496	665	10	0	183	847	111	775	0.0	1173
XM_077785225.1	XM_077787695.1	99.107	112	1	0	1	112	1	112	1.19e-54	202
XM_077789344.1	XM_077789344.1	100.000	1182	0	0	1	1182	1	1182	0.0	2183
XM_077789344.1	XM_077782097.1	99.154	1182	10	0	1	1182	444	1625	0.0	2128
XM_077789344.1	XM_077788074.1	99.213	635	5	0	11	645	1	635	0.0	1146
XM_077789344.1	XM_077782096.1	99.158	594	5	0	1	594	863	1456	0.0	1070
XM_077789344.1	XM_077782096.1	99.338	151	1	0	593	743	1611	1761	3.47e-76	274
XM_077789344.1	XM_077782098.1	99.158	594	5	0	1	594	444	1037	0.0	1070
XM_077789344.1	XM_077782098.1	100.000	229	0	0	954	1182	1341	1569	3.25e-121	424
XM_077789344.1	XM_077782098.1	96.855	159	4	1	593	750	1192	1350	2.09e-73	265
XM_077789344.1	XM_077782095.1	99.338	151	1	0	593	743	295	445	3.47e-76	274
XM_077789344.1	XM_077782095.1	98.571	140	2	0	455	594	1	140	2.10e-68	248
XM_077782098.1	XM_077782098.1	100.000	1569	0	0	1	1569	1	1569	0.0	2898
XM_077782098.1	XM_077782096.1	99.627	1342	5	0	1	1342	420	1761	0.0	2451
XM_077782098.1	XM_077782097.1	100.000	1039	0	0	1	1039	1	1039	0.0	1919
XM_077782098.1	XM_077782097.1	100.000	229	0	0	1341	1569	1397	1625	4.34e-121	424
XM_077782098.1	XM_077782097.1	98.742	159	1	1	1192	1350	1036	1193	2.76e-78	281
XM_077782098.1	XM_077789344.1	99.158	594	5	0	444	1037	1	594	0.0	1070
XM_077782098.1	XM_077789344.1	100.000	229	0	0	1341	1569	954	1182	4.34e-121	424
XM_077782098.1	XM_077789344.1	96.855	159	4	1	1192	1350	593	750	2.78e-73	265
XM_077782098.1	XM_077788074.1	99.315	584	4	0	454	1037	1	584	0.0	1057
XM_077782098.1	XM_077788074.1	94.340	53	3	0	1192	1244	583	635	3.01e-18	82.4
XM_077782098.1	XM_077782095.1	99.101	445	4	0	898	1342	1	445	0.0	800
XM_077782097.1	XM_077782097.1	100.000	1625	0	0	1	1625	1	1625	0.0	3001
XM_077782097.1	XM_077789344.1	99.154	1182	10	0	444	1625	1	1182	0.0	2128
XM_077782097.1	XM_077782098.1	100.000	1039	0	0	1	1039	1	1039	0.0	1919
XM_077782097.1	XM_077782098.1	100.000	229	0	0	1397	1625	1341	1569	4.49e-121	424
XM_077782097.1	XM_077782098.1	98.742	159	1	1	1036	1193	1192	1350	2.86e-78	281
XM_077782097.1	XM_077782096.1	99.808	1039	2	0	1	1039	420	1458	0.0	1908
XM_077782097.1	XM_077782096.1	98.675	151	2	0	1036	1186	1611	1761	2.23e-74	268
XM_077782097.1	XM_077788074.1	98.898	635	7	0	454	1088	1	635	0.0	1134
XM_077782097.1	XM_077782095.1	98.675	151	2	0	1036	1186	295	445	2.23e-74	268
XM_077782097.1	XM_077782095.1	99.296	142	1	0	898	1039	1	142	4.82e-71	257
XM_077782096.1	XM_077782096.1	100.000	1882	0	0	1	1882	1	1882	0.0	3476
XM_077782096.1	XM_077782098.1	99.627	1342	5	0	420	1761	1	1342	0.0	2451
XM_077782096.1	XM_077782097.1	99.808	1039	2	0	420	1458	1	1039	0.0	1908
XM_077782096.1	XM_077782097.1	98.675	151	2	0	1611	1761	1036	1186	2.58e-74	268
XM_077782096.1	XM_077789344.1	99.158	594	5	0	863	1456	1	594	0.0	1070
XM_077782096.1	XM_077789344.1	99.338	151	1	0	1611	1761	593	743	5.55e-76	274
XM_077782096.1	XM_077788074.1	99.315	584	4	0	873	1456	1	584	0.0	1057
XM_077782096.1	XM_077788074.1	98.113	53	1	0	1611	1663	583	635	1.67e-21	93.5
XM_077782096.1	XM_077782095.1	99.823	566	1	0	1317	1882	1	566	0.0	1040
XM_077782095.1	XM_077782095.1	100.000	566	0	0	1	566	1	566	0.0	1046
XM_077782095.1	XM_077782096.1	99.823	566	1	0	1	566	1317	1882	0.0	1040
XM_077782095.1	XM_077782098.1	99.101	445	4	0	1	445	898	1342	0.0	800
XM_077782095.1	XM_077789344.1	99.338	151	1	0	295	445	593	743	1.64e-76	274
XM_077782095.1	XM_077789344.1	98.571	140	2	0	1	140	455	594	9.94e-69	248
XM_077782095.1	XM_077782097.1	98.675	151	2	0	295	445	1036	1186	7.63e-75	268
XM_077782095.1	XM_077782097.1	99.296	142	1	0	1	142	898	1039	1.65e-71	257
XM_077782095.1	XM_077788074.1	98.571	140	2	0	1	140	445	584	9.94e-69	248
XM_077782095.1	XM_077788074.1	98.113	53	1	0	295	347	583	635	4.93e-22	93.5
XM_077788556.1	XM_077788556.1	100.000	1449	0	0	1	1449	1	1449	0.0	2676
XM_077788556.1	XM_077790403.1	97.859	1308	28	0	1	1308	370	1677	0.0	2261
XM_077788556.1	XM_077787695.1	97.945	730	15	0	93	822	111	840	0.0	1266
XM_077788556.1	XM_077785225.1	97.286	737	20	0	21	757	111	847	0.0	1251
XM_077788074.1	XM_077788074.1	100.000	640	0	0	1	640	1	640	0.0	1182
XM_077788074.1	XM_077789344.1	99.213	635	5	0	1	635	11	645	0.0	1146
XM_077788074.1	XM_077782097.1	98.898	635	7	0	1	635	454	1088	0.0	1134
XM_077788074.1	XM_077782096.1	99.315	584	4	0	1	584	873	1456	0.0	1057
XM_077788074.1	XM_077782096.1	98.113	53	1	0	583	635	1611	1663	5.59e-22	93.5
XM_077788074.1	XM_077782098.1	99.315	584	4	0	1	584	454	1037	0.0	1057
XM_077788074.1	XM_077782098.1	94.340	53	3	0	583	635	1192	1244	1.21e-18	82.4
XM_077788074.1	XM_077782095.1	98.571	140	2	0	445	584	1	140	1.13e-68	248
XM_077788074.1	XM_077782095.1	98.113	53	1	0	583	635	295	347	5.59e-22	93.5
XM_077787695.1	XM_077787695.1	100.000	840	0	0	1	840	1	840	0.0	1552
XM_077787695.1	XM_077790403.1	98.219	730	13	0	111	840	462	1191	0.0	1277
XM_077787695.1	XM_077790403.1	100.000	111	0	0	1	111	1	111	9.09e-56	206
XM_077787695.1	XM_077788556.1	97.945	730	15	0	111	840	93	822	0.0	1266
XM_077787695.1	XM_077785225.1	98.496	665	10	0	111	775	183	847	0.0	1173
XM_077787695.1	XM_077785225.1	99.107	112	1	0	1	112	1	112	1.18e-54	202
