XM_077790403.1	simulated_hit_1	79.02	992	208	2	184	1176	806	1798	2.09e-04	783.8
XM_077790403.1	simulated_hit_2	90.53	1286	121	0	324	1610	450	1736	4.58e-06	1164.2
XM_077790403.1	simulated_hit_3	94.02	854	51	1	728	1582	678	1532	3.59e-05	803.0
XM_077785225.1	simulated_hit_1	76.85	541	125	1	168	709	670	1211	4.05e-06	415.8
XM_077785225.1	simulated_hit_2	76.11	493	117	1	116	609	718	1211	7.96e-08	375.2
XM_077785225.1	simulated_hit_3	89.24	475	51	0	170	645	175	650	8.48e-05	423.9
XM_077789344.1	simulated_hit_1	90.65	453	42	2	694	1147	223	676	9.77e-08	410.6
XM_077789344.1	simulated_hit_2	85.52	555	80	2	512	1067	554	1109	3.25e-05	474.6
XM_077789344.1	simulated_hit_3	89.99	642	64	1	509	1151	184	826	1.64e-06	577.7
XM_077782098.1	simulated_hit_1	79.65	820	166	2	297	1117	842	1662	1.37e-05	653.1
XM_077782098.1	simulated_hit_2	78.96	669	140	0	383	1052	722	1391	2.60e-06	528.2
XM_077782098.1	simulated_hit_3	79.92	1109	222	0	447	1556	473	1582	2.01e-08	886.4
XM_077782097.1	simulated_hit_1	83.55	965	158	2	594	1559	42	1007	2.24e-09	806.2
XM_077782097.1	simulated_hit_2	87.99	554	66	2	785	1339	836	1390	4.65e-08	487.5
XM_077782097.1	simulated_hit_3	82.30	939	166	0	137	1076	791	1730	8.95e-09	772.8
XM_077782096.1	simulated_hit_1	75.29	1482	366	0	2	1484	42	1524	1.81e-05	1115.9
XM_077782096.1	simulated_hit_2	83.78	746	121	1	33	779	702	1448	9.56e-09	625.0
XM_077782096.1	simulated_hit_3	85.10	1368	203	2	469	1837	265	1633	7.23e-08	1164.2
XM_077782095.1	simulated_hit_1	79.38	387	79	2	115	502	758	1145	8.12e-06	307.2
XM_077782095.1	simulated_hit_2	94.56	435	23	0	90	525	566	1001	8.99e-05	411.4
XM_077782095.1	simulated_hit_3	78.95	223	46	2	68	291	817	1040	5.94e-08	176.1
XM_077788556.1	simulated_hit_1	75.36	697	171	0	746	1443	370	1067	1.39e-10	525.3
XM_077788556.1	simulated_hit_2	90.70	940	87	2	309	1249	809	1749	6.18e-06	852.6
XM_077788556.1	simulated_hit_3	80.25	1094	216	1	299	1393	192	1286	9.85e-04	878.0
XM_077788074.1	simulated_hit_1	89.16	423	45	1	97	520	682	1105	1.40e-10	377.1
XM_077788074.1	simulated_hit_2	90.45	409	39	0	184	593	343	752	4.94e-04	370.0
XM_077788074.1	simulated_hit_3	82.44	437	76	0	119	556	367	804	1.42e-10	360.3
XM_077787695.1	simulated_hit_1	84.06	609	97	1	2	611	409	1018	1.98e-05	511.9
XM_077787695.1	simulated_hit_2	80.71	663	127	1	50	713	261	924	4.64e-08	535.1
XM_077787695.1	simulated_hit_3	75.64	379	92	0	20	399	315	694	2.60e-09	286.7
